<?xml version="1.0" encoding="UTF-8" standalone="no" ?>
<SimscapeMultibodyImportXML version="2.0" xmlns="urn:mathworks:SimscapeMultibody:import" xmlns:xsi="http://www.w3.org/2001/XMLSchema-instance">
<Created by="" on="07/28/24||22:24:09" using="Simscape Multibody Link Version 7.4" from="SolidWorks 31.2.1"/>
<ModelUnits mass="kilogram" length="millimeter"/>
<DataUnits mass="kilogram" length="meter"/>
<RootAssembly name="ServoLongAssem" uid="ServoLongAssem" version="472">
<AssemblyFile name="ServoLongAssem.SLDASM" type="SolidWorks Assembly"/>
<InstanceTree>
<Instance name="BaseLong-1" uid="BaseLong-1" entityUid="BaseLong*:*Default">
<Transform>
<Rotation>1 0 0 0 1 0 0 0 1</Rotation>
<Translation>0 0 0</Translation>
</Transform>
</Instance>
<Instance name="ServoMotorLeftAssem-3" uid="ServoMotorLeftAssem-3" entityUid="ServoMotorLeftAssem">
<Transform>
<Rotation>-0.86602540378444304 0.49999999999999256 1.4588887091225648e-15 1.6715231768756598e-15 0 1 0.49999999999999256 0.86602540378444304 -8.1617698696220713e-16</Rotation>
<Translation>0.074267498155754036 0.031780646705732031 -0.0094692924342374765</Translation>
</Transform>
<Instance name="90024A218_18-8 Stainless Steel Threaded Rod-2" uid="90024A218_18-8 Stainless Steel Threaded Rod-2" entityUid="90024A218_18-8 Stainless Steel Threaded Rod*:*90024A218">
<Transform>
<Rotation>-0.98699992545751725 -0.16072071163000523 0 0.15245539961266952 -0.93624192257003802 -0.31655712525751234 0.050877286442936188 -0.31244185903221056 0.94857344810441513</Rotation>
<Translation>-0.027847813704484276 -0.014976137208243923 0.15593161972728409</Translation>
</Transform>
</Instance>
<Instance name="DS51_Gear_Horn-1" uid="DS51_Gear_Horn-1" entityUid="DS51_Gear_Horn*:*Défaut">
<Transform>
<Rotation>-6.2727600891321345e-15 1.0000000000000002 6.411537967210279e-15 0.93914498052592399 3.7192471324942744e-15 0.34352104091738289 0.34352104091738284 8.1778156743016648e-15 -0.93914498052592377</Rotation>
<Translation>-0.026397813708557913 -0.00063183108341282115 -0.011780646705042419</Translation>
</Transform>
</Instance>
<Instance name="59935K13_Ball Joint Rod End-2" uid="59935K13_Ball Joint Rod End-2" entityUid="59935K13_Ball Joint Rod End*:*59935K13">
<Transform>
<Rotation>-1.609823385706477e-15 -1.915134717478395e-15 1.0000000000000002 0.94857344810452804 -0.31655712525717455 8.8817841970012523e-16 0.3165571252571745 0.94857344810452804 2.3252797117750315e-15</Rotation>
<Translation>-0.027847813754561107 -0.014976137199609316 0.1559316197342277</Translation>
</Transform>
</Instance>
<Instance name="59935K13_Ball Joint Rod End-1" uid="59935K13_Ball Joint Rod End-1" entityUid="59935K13_Ball Joint Rod End*:*59935K13">
<Transform>
<Rotation>-4.2743586448068527e-15 5.8009153036664429e-15 -1 0.94857344810452771 0.31655712525717583 -2.3314683517128287e-15 0.31655712525717578 -0.94857344810452748 -6.8639721909826641e-15</Rotation>
<Translation>-0.027847813754451486 0.032507431586867315 0.013645602517646988</Translation>
</Transform>
</Instance>
<Instance name="CLS5336HV_Servo_Motor-1" uid="CLS5336HV_Servo_Motor-1" grounded="true" entityUid="CLS5336HV_Servo_Motor*:*Default">
<Transform>
<Rotation>1 0 0 0 1 0 0 0 1</Rotation>
<Translation>0.0032021862955157188 -0.00063183108474098443 -0.0017806467057320183</Translation>
</Transform>
</Instance>
</Instance>
<Instance name="TopPlate-1" uid="TopPlate-1" entityUid="TopPlate*:*Default">
<Transform>
<Rotation>-0.50000000000000022 -1.0943045203411151e-15 -0.86602540378443837 0 1 -1.2182665237192595e-15 0.86602540378443837 -5.4114201925599332e-16 -0.50000000000000022</Rotation>
<Translation>0 0.19456943453454739 0</Translation>
</Transform>
</Instance>
<Instance name="ServoMotorLeftAssem-1" uid="ServoMotorLeftAssem-1" entityUid="ServoMotorLeftAssem">
<Transform>
<Rotation>-1.0547118733938987e-15 -1 0 -3.6031835540676849e-16 0 1 -1 1.0547118733938987e-15 -3.6031835540716405e-16</Rotation>
<Translation>-0.02893310127396289 0.03178064670573201 0.069052186295515711</Translation>
</Transform>
<Instance name="59935K13_Ball Joint Rod End-1" uid="59935K13_Ball Joint Rod End-1" entityUid="59935K13_Ball Joint Rod End*:*59935K13">
<Transform>
<Rotation>-1.6322116354458092e-15 5.7728684052982545e-16 -1 0.94857344810454536 0.31655712525712237 -1.3655283563843016e-15 0.31655712525712243 -0.94857344810454525 -1.0642871919954981e-15</Rotation>
<Translation>-0.027847813704424407 0.032507431581989918 0.013645602510073164</Translation>
</Transform>
</Instance>
<Instance name="90024A218_18-8 Stainless Steel Threaded Rod-2" uid="90024A218_18-8 Stainless Steel Threaded Rod-2" entityUid="90024A218_18-8 Stainless Steel Threaded Rod*:*90024A218">
<Transform>
<Rotation>0.24364952516613653 -0.96986334547002861 -1.8041124150121264e-16 0.9199866178025905 0.23111947021584611 -0.31655712525750668 0.30701715253462047 0.077128993256948553 0.94857344810441691</Rotation>
<Translation>-0.027847813704484317 -0.01497613720824288 0.15593161972728398</Translation>
</Transform>
</Instance>
<Instance name="DS51_Gear_Horn-1" uid="DS51_Gear_Horn-1" entityUid="DS51_Gear_Horn*:*Défaut">
<Transform>
<Rotation>0 0.99999999999999989 -2.3950866696018042e-15 0.93914498052591333 7.5970245616915325e-16 0.34352104091741131 0.34352104091741126 -2.272399826782053e-15 -0.93914498052591333</Rotation>
<Translation>-0.02639781370482884 -0.00063183108578519775 -0.01178064670575045</Translation>
</Transform>
</Instance>
<Instance name="CLS5336HV_Servo_Motor-1" uid="CLS5336HV_Servo_Motor-1" grounded="true" entityUid="CLS5336HV_Servo_Motor*:*Default">
<Transform>
<Rotation>1 0 0 0 1 0 0 0 1</Rotation>
<Translation>0.0032021862955157326 -0.00063183108474099137 -0.0017806467057320148</Translation>
</Transform>
</Instance>
<Instance name="59935K13_Ball Joint Rod End-2" uid="59935K13_Ball Joint Rod End-2" entityUid="59935K13_Ball Joint Rod End*:*59935K13">
<Transform>
<Rotation>0 -7.8630841722884922e-16 -1 -0.9485734481045458 -0.31655712525712126 2.075025007152137e-16 -0.31655712525712132 0.94857344810454569 -7.5969027338840891e-16</Rotation>
<Translation>-0.027847813701387128 -0.014976137205915813 0.15593161972787661</Translation>
</Transform>
</Instance>
</Instance>
<Instance name="ServoMotorRightAssem-5" uid="ServoMotorRightAssem-5" entityUid="ServoMotorRightAssem">
<Transform>
<Rotation>-0.8660254037844427 0.49999999999999278 1.4022989445383666e-15 1.5500925335575148e-15 -1.1975886452194169e-16 0.99999999999999978 0.49999999999999278 0.8660254037844427 -6.7133204777436536e-16</Rotation>
<Translation>0.045966227966532158 0.03178064670573201 -0.058488530320704349</Translation>
</Transform>
<Instance name="59935K13_Ball Joint Rod End-1" uid="59935K13_Ball Joint Rod End-1" entityUid="59935K13_Ball Joint Rod End*:*59935K13">
<Transform>
<Rotation>8.8817841970012523e-16 7.9936057773011271e-15 -1 0.9485734481045055 -0.31655712525724161 -1.7208456881689926e-15 -0.31655712525724161 -0.94857344810450528 -7.8868031757563146e-15</Rotation>
<Translation>-0.027847813708297392 -0.033771093753624026 0.01364560251732138</Translation>
</Transform>
</Instance>
<Instance name="DS51_Gear_Horn-1" uid="DS51_Gear_Horn-1" entityUid="DS51_Gear_Horn*:*Défaut">
<Transform>
<Rotation>-1.6653345369377348e-16 1 0 -0.93914498052579942 -1.7746917266423525e-16 0.34352104091772279 0.34352104091772279 0 0.93914498052579942</Rotation>
<Translation>-0.026397813726080105 -0.00063183108699337368 -0.011780646697693114</Translation>
</Transform>
</Instance>
<Instance name="59935K13_Ball Joint Rod End-2" uid="59935K13_Ball Joint Rod End-2" entityUid="59935K13_Ball Joint Rod End*:*59935K13">
<Transform>
<Rotation>1.3489209749195652e-14 -5.8841820305133297e-15 -1 -0.94857344810450572 0.31655712525724128 -1.4710455076283324e-14 0.31655712525724122 0.94857344810450539 -1.3087317548522642e-15</Rotation>
<Translation>-0.027847813706658661 0.01371247503507941 0.15593161973393502</Translation>
</Transform>
</Instance>
<Instance name="CLS5336HV_Servo_Motor-1" uid="CLS5336HV_Servo_Motor-1" grounded="true" entityUid="CLS5336HV_Servo_Motor*:*Default">
<Transform>
<Rotation>1 0 0 0 1 0 0 0 1</Rotation>
<Translation>0.0032021862955157326 -0.0006318310847409879 -0.0017806467057320183</Translation>
</Transform>
</Instance>
<Instance name="90024A218_18-8 Stainless Steel Threaded Rod-2" uid="90024A218_18-8 Stainless Steel Threaded Rod-2" entityUid="90024A218_18-8 Stainless Steel Threaded Rod*:*90024A218">
<Transform>
<Rotation>-0.60075732227808731 -0.79943144779853537 -2.2204460492503131e-16 0.75831944496136161 -0.56986244466730096 0.31655712525751134 -0.25306572095555468 0.19017401091775143 0.94857344810441546</Rotation>
<Translation>-0.027847813704484262 0.013712475038762061 0.15593161972728434</Translation>
</Transform>
</Instance>
</Instance>
<Instance name="ServoMotorLeftAssem-2" uid="ServoMotorLeftAssem-2" entityUid="ServoMotorLeftAssem">
<Transform>
<Rotation>0.8660254037844366 0.50000000000000366 -5.3900496090926985e-16 1.2423081351687163e-15 -1.0737308869503527e-15 0.99999999999999967 0.50000000000000366 -0.8660254037844366 -1.5510322925117584e-15</Rotation>
<Translation>-0.045334396881790723 0.031780646705732024 -0.059582893861277957</Translation>
</Transform>
<Instance name="59935K13_Ball Joint Rod End-1" uid="59935K13_Ball Joint Rod End-1" entityUid="59935K13_Ball Joint Rod End*:*59935K13">
<Transform>
<Rotation>-1.6653345369377346e-16 -2.3869795029440877e-15 -0.99999999999999978 0.9485734481045146 0.3165571252572143 -9.1358458189493078e-16 0.3165571252572143 -0.94857344810451449 2.2115080263020172e-15</Rotation>
<Translation>-0.027847813705740965 0.032507431586413248 0.013645602508674762</Translation>
</Transform>
</Instance>
<Instance name="90024A218_18-8 Stainless Steel Threaded Rod-2" uid="90024A218_18-8 Stainless Steel Threaded Rod-2" entityUid="90024A218_18-8 Stainless Steel Threaded Rod*:*90024A218">
<Transform>
<Rotation>-0.99817045234051971 -0.060462782555239021 1.0685896612017132e-15 0.057353390130410173 -0.94683798777258987 -0.31655712525751462 0.019139924630757681 -0.31597796890990792 0.94857344810441435</Rotation>
<Translation>-0.027847813704484137 -0.014976137208244311 0.15593161972728375</Translation>
</Transform>
</Instance>
<Instance name="59935K13_Ball Joint Rod End-2" uid="59935K13_Ball Joint Rod End-2" entityUid="59935K13_Ball Joint Rod End*:*59935K13">
<Transform>
<Rotation>1.1657341758564144e-15 2.6090241078691179e-15 1 0.94857344810451427 -0.31655712525721569 -2.7755575615628914e-16 0.31655712525721552 0.94857344810451394 -2.8798870964912556e-15</Rotation>
<Translation>-0.027847813706529653 -0.01497613719880099 0.15593161972981612</Translation>
</Transform>
</Instance>
<Instance name="CLS5336HV_Servo_Motor-1" uid="CLS5336HV_Servo_Motor-1" grounded="true" entityUid="CLS5336HV_Servo_Motor*:*Default">
<Transform>
<Rotation>1 0 0 0 1 0 0 0 1</Rotation>
<Translation>0.0032021862955157326 -0.0006318310847409879 -0.0017806467057320113</Translation>
</Transform>
</Instance>
<Instance name="DS51_Gear_Horn-1" uid="DS51_Gear_Horn-1" entityUid="DS51_Gear_Horn*:*Défaut">
<Transform>
<Rotation>2.1649348980190553e-15 1 -3.1052353294557483e-15 0.939144980525905 -9.6647406997172679e-16 0.34352104091743435 0.34352104091743435 -3.659966862696056e-15 -0.939144980525905</Rotation>
<Translation>-0.026397813704391454 -0.00063183108613221878 -0.011780646705670039</Translation>
</Transform>
</Instance>
</Instance>
<Instance name="ServoMotorRightAssem-2" uid="ServoMotorRightAssem-2" entityUid="ServoMotorRightAssem">
<Transform>
<Rotation>-6.106226635438361e-16 -1.0000000000000002 4.3021142204216454e-16 -3.6031835540709463e-16 4.3021142204216479e-16 1 -1.0000000000000002 6.106226635438361e-16 -3.6031835540709508e-16</Rotation>
<Translation>0.027669439104480921 0.03178064670573201 0.069052186295515711</Translation>
</Transform>
<Instance name="90024A218_18-8 Stainless Steel Threaded Rod-2" uid="90024A218_18-8 Stainless Steel Threaded Rod-2" entityUid="90024A218_18-8 Stainless Steel Threaded Rod*:*90024A218">
<Transform>
<Rotation>-0.98441395196358727 0.17586691325952139 -3.7470027081099033e-16 -0.1668226843180641 -0.93378893677619224 0.31655712525751811 0.05567192448934704 0.31162325069698577 0.94857344810441324</Rotation>
<Translation>-0.027847813704484331 0.013712475038763262 0.15593161972728445</Translation>
</Transform>
</Instance>
<Instance name="CLS5336HV_Servo_Motor-1" uid="CLS5336HV_Servo_Motor-1" grounded="true" entityUid="CLS5336HV_Servo_Motor*:*Default">
<Transform>
<Rotation>1 0 0 0 1 0 0 0 1</Rotation>
<Translation>0.0032021862955157326 -0.0006318310847409879 -0.0017806467057320148</Translation>
</Transform>
</Instance>
<Instance name="59935K13_Ball Joint Rod End-1" uid="59935K13_Ball Joint Rod End-1" entityUid="59935K13_Ball Joint Rod End*:*59935K13">
<Transform>
<Rotation>-5.4845329870533584e-16 2.0198459143962889e-15 -1 0.9485734481045488 -0.31655712525711194 -1.1596448528008463e-15 -0.31655712525711199 -0.94857344810454869 -1.7423554040828319e-15</Rotation>
<Translation>-0.027847813631557111 -0.033771093713147494 0.013645602548847016</Translation>
</Transform>
</Instance>
<Instance name="59935K13_Ball Joint Rod End-2" uid="59935K13_Ball Joint Rod End-2" entityUid="59935K13_Ball Joint Rod End*:*59935K13">
<Transform>
<Rotation>-1.0501588281110695e-15 0 0.99999999999999989 0.94857344810454858 0.31655712525711255 1.0062613980869536e-15 -0.31655712525711255 0.94857344810454847 -3.0214446746551347e-16</Rotation>
<Translation>-0.027847813633139956 0.013712475075954619 0.15593161976379002</Translation>
</Transform>
</Instance>
<Instance name="DS51_Gear_Horn-1" uid="DS51_Gear_Horn-1" entityUid="DS51_Gear_Horn*:*Défaut">
<Transform>
<Rotation>8.7244404362979613e-16 1 -1.9226257494445431e-15 -0.93914498052591278 1.479813843108464e-15 0.34352104091741281 0.34352104091741281 1.5059214360108096e-15 0.93914498052591278</Rotation>
<Translation>-0.026397813705017176 -0.00063183108152079989 -0.011780646725838492</Translation>
</Transform>
</Instance>
</Instance>
<Instance name="ServoMotorRightAssem-4" uid="ServoMotorRightAssem-4" entityUid="ServoMotorRightAssem">
<Transform>
<Rotation>0.8660254037844366 0.50000000000000355 0 8.3985228874210095e-16 -1.4206755821457102e-15 1 0.50000000000000355 -0.8660254037844366 -1.6502672890458775e-15</Rotation>
<Translation>-0.073635667071012573 0.031780646705732017 -0.010563655974811161</Translation>
</Transform>
<Instance name="59935K13_Ball Joint Rod End-1" uid="59935K13_Ball Joint Rod End-1" entityUid="59935K13_Ball Joint Rod End*:*59935K13">
<Transform>
<Rotation>1.1102230246251565e-16 -2.6090241078691179e-15 -0.99999999999999989 0.9485734481045266 -0.31655712525717855 9.3121797957709496e-16 -0.31655712525717855 -0.94857344810452648 2.4397060932822785e-15</Rotation>
<Translation>-0.027847813705772564 -0.033771093746271318 0.013645602514078474</Translation>
</Transform>
</Instance>
<Instance name="59935K13_Ball Joint Rod End-2" uid="59935K13_Ball Joint Rod End-2" entityUid="59935K13_Ball Joint Rod End*:*59935K13">
<Transform>
<Rotation>1.6209256159527285e-14 -3.0808688933348094e-15 -0.99999999999999989 -0.94857344810452671 0.31655712525717827 -1.6375789613221059e-14 0.31655712525717838 0.94857344810452648 2.2215218138389497e-15</Rotation>
<Translation>-0.027847813704675262 0.013712475041424088 0.15593161972815034</Translation>
</Transform>
</Instance>
<Instance name="90024A218_18-8 Stainless Steel Threaded Rod-2" uid="90024A218_18-8 Stainless Steel Threaded Rod-2" entityUid="90024A218_18-8 Stainless Steel Threaded Rod*:*90024A218">
<Transform>
<Rotation>-0.38390553383396536 -0.92337237401367944 -7.4940054162198066e-16 0.87588651670251583 -0.36416259597525114 0.31655712525751151 -0.29230010425997432 0.12152803216092957 0.94857344810441557</Rotation>
<Translation>-0.027847813704484276 0.013712475038761565 0.15593161972728425</Translation>
</Transform>
</Instance>
<Instance name="CLS5336HV_Servo_Motor-1" uid="CLS5336HV_Servo_Motor-1" grounded="true" entityUid="CLS5336HV_Servo_Motor*:*Default">
<Transform>
<Rotation>1 0 0 0 1 0 0 0 1</Rotation>
<Translation>0.0032021862955157465 -0.00063183108474097749 -0.0017806467057320217</Translation>
</Transform>
</Instance>
<Instance name="DS51_Gear_Horn-1" uid="DS51_Gear_Horn-1" entityUid="DS51_Gear_Horn*:*Défaut">
<Transform>
<Rotation>-1.0547118733938987e-15 0.99999999999999978 2.6090241078691179e-15 -0.93914498052591855 -1.9428902930940239e-15 0.3435210409173971 0.34352104091739716 -2.0796735170601279e-15 0.93914498052591844</Rotation>
<Translation>-0.026397813704284762 -0.00063183108516283101 -0.011780646705438387</Translation>
</Transform>
</Instance>
</Instance>
</InstanceTree>
<Constraints>
<Coincident name="Coincident8">
<ConstraintGeometry geomType="plane">
<InstancePath>
<Uid>BaseLong-1</Uid>
</InstancePath>
<Position>-0.043301270189221905 0.01 0.074999999999999983</Position>
<Axis>0 0 1</Axis>
</ConstraintGeometry>
<ConstraintGeometry geomType="plane">
<InstancePath>
<Uid>ServoMotorRightAssem-2</Uid>
<Uid>CLS5336HV_Servo_Motor-1</Uid>
</InstancePath>
<Position>-0.0091500000000000054 0.010000000000000002 -0.020000000000000004</Position>
<Axis>1.0000000000000002 0 0</Axis>
</ConstraintGeometry>
</Coincident>
<Coincident name="Coincident14">
<ConstraintGeometry geomType="plane">
<InstancePath>
<Uid>BaseLong-1</Uid>
</InstancePath>
<Position>-0.043301270189221933 0.01 -0.075000000000000011</Position>
<Axis>-0.86602540378443882 0 -0.49999999999999994</Axis>
</ConstraintGeometry>
<ConstraintGeometry geomType="plane">
<InstancePath>
<Uid>ServoMotorRightAssem-4</Uid>
<Uid>CLS5336HV_Servo_Motor-1</Uid>
</InstancePath>
<Position>-0.0091500000000000054 0.0099999999999999985 -0.019999999999999997</Position>
<Axis>1 0 0</Axis>
</ConstraintGeometry>
</Coincident>
<Coincident name="Coincident17">
<ConstraintGeometry geomType="plane">
<InstancePath>
<Uid>BaseLong-1</Uid>
</InstancePath>
<Position>0.08660254037844381 0.01 0</Position>
<Axis>0.8660254037844386 0 -0.50000000000000011</Axis>
</ConstraintGeometry>
<ConstraintGeometry geomType="plane">
<InstancePath>
<Uid>ServoMotorRightAssem-5</Uid>
<Uid>CLS5336HV_Servo_Motor-1</Uid>
</InstancePath>
<Position>-0.0091500000000000054 0.0099999999999999881 -0.01999999999999999</Position>
<Axis>1 0 0</Axis>
</ConstraintGeometry>
</Coincident>
<Concentric name="Concentric3">
<ConstraintGeometry geomType="cylinder">
<InstancePath>
<Uid>BaseLong-1</Uid>
</InstancePath>
<Position>0.044641016151378027 0.0049999999999999992 -0.052679491924310776</Position>
<Axis>0.86602540378444337 0 -0.49999999999999195</Axis>
</ConstraintGeometry>
<ConstraintGeometry geomType="cylinder">
<InstancePath>
<Uid>ServoMotorRightAssem-5</Uid>
<Uid>CLS5336HV_Servo_Motor-1</Uid>
</InstancePath>
<Position>0.058502757952979989 0.004999999999999994 -0.024999999999999988</Position>
<Axis>1 0 0</Axis>
</ConstraintGeometry>
</Concentric>
<Coincident name="Coincident21">
<ConstraintGeometry geomType="plane">
<InstancePath>
<Uid>BaseLong-1</Uid>
</InstancePath>
<Position>0 0.01 0</Position>
<Axis>0 1 0</Axis>
</ConstraintGeometry>
<ConstraintGeometry geomType="plane">
<InstancePath>
<Uid>ServoMotorRightAssem-5</Uid>
<Uid>CLS5336HV_Servo_Motor-1</Uid>
</InstancePath>
<Position>0 -0.010000000000000002 -0.01999999999999999</Position>
<Axis>0 0 -0.99999999999999978</Axis>
</ConstraintGeometry>
</Coincident>
<Concentric name="Concentric7">
<ConstraintGeometry geomType="cylinder">
<InstancePath>
<Uid>BaseLong-1</Uid>
</InstancePath>
<Position>-0.072942286340599446 0.0050000000000000001 -0.003660254037844742</Position>
<Axis>-0.86602540378443649 0 -0.50000000000000411</Axis>
</ConstraintGeometry>
<ConstraintGeometry geomType="cylinder">
<InstancePath>
<Uid>ServoMotorRightAssem-4</Uid>
<Uid>CLS5336HV_Servo_Motor-1</Uid>
</InstancePath>
<Position>0.058502757952979996 -0.0050000000000000044 -0.025000000000000001</Position>
<Axis>1 0 0</Axis>
</ConstraintGeometry>
</Concentric>
<Concentric name="Concentric11">
<ConstraintGeometry geomType="cylinder">
<InstancePath>
<Uid>BaseLong-1</Uid>
</InstancePath>
<Position>0.023301270189221901 0.0049999999999999992 0.064999999999999988</Position>
<Axis>0 0 1</Axis>
</ConstraintGeometry>
<ConstraintGeometry geomType="cylinder">
<InstancePath>
<Uid>ServoMotorRightAssem-2</Uid>
<Uid>CLS5336HV_Servo_Motor-1</Uid>
</InstancePath>
<Position>0.058502757952980031 0.005000000000000001 -0.025000000000000001</Position>
<Axis>1.0000000000000002 0 0</Axis>
</ConstraintGeometry>
</Concentric>
<Coincident name="Coincident23">
<ConstraintGeometry geomType="plane">
<InstancePath>
<Uid>BaseLong-1</Uid>
</InstancePath>
<Position>0 0.01 0</Position>
<Axis>0 1 0</Axis>
</ConstraintGeometry>
<ConstraintGeometry geomType="plane">
<InstancePath>
<Uid>ServoMotorRightAssem-4</Uid>
<Uid>CLS5336HV_Servo_Motor-1</Uid>
</InstancePath>
<Position>0 -0.010000000000000002 -0.019999999999999997</Position>
<Axis>0 0 -1</Axis>
</ConstraintGeometry>
</Coincident>
<Coincident name="Coincident26">
<ConstraintGeometry geomType="plane">
<InstancePath>
<Uid>BaseLong-1</Uid>
</InstancePath>
<Position>0 0.01 0</Position>
<Axis>0 1 0</Axis>
</ConstraintGeometry>
<ConstraintGeometry geomType="plane">
<InstancePath>
<Uid>ServoMotorRightAssem-2</Uid>
<Uid>CLS5336HV_Servo_Motor-1</Uid>
</InstancePath>
<Position>0 -0.0099999999999999985 -0.020000000000000004</Position>
<Axis>0 0 -1</Axis>
</ConstraintGeometry>
</Coincident>
<Coincident name="Coincident27">
<ConstraintGeometry geomType="plane">
<InstancePath>
<Uid>BaseLong-1</Uid>
</InstancePath>
<Position>0 0.01 0</Position>
<Axis>0 1 0</Axis>
</ConstraintGeometry>
<ConstraintGeometry geomType="plane">
<InstancePath>
<Uid>ServoMotorLeftAssem-3</Uid>
<Uid>CLS5336HV_Servo_Motor-1</Uid>
</InstancePath>
<Position>0 -0.010000000000000002 -0.02</Position>
<Axis>0 0 -1</Axis>
</ConstraintGeometry>
</Coincident>
<Coincident name="Coincident28">
<ConstraintGeometry geomType="plane">
<InstancePath>
<Uid>BaseLong-1</Uid>
</InstancePath>
<Position>0.08660254037844381 0.01 0</Position>
<Axis>0.8660254037844386 0 -0.50000000000000011</Axis>
</ConstraintGeometry>
<ConstraintGeometry geomType="plane">
<InstancePath>
<Uid>ServoMotorLeftAssem-3</Uid>
<Uid>CLS5336HV_Servo_Motor-1</Uid>
</InstancePath>
<Position>-0.0091499999999999915 0.009999999999999995 -0.019999999999999997</Position>
<Axis>1 0 0</Axis>
</ConstraintGeometry>
</Coincident>
<Concentric name="Concentric12">
<ConstraintGeometry geomType="cylinder">
<InstancePath>
<Uid>BaseLong-1</Uid>
</InstancePath>
<Position>0.067942286340599567 0.0049999999999999992 -0.01232050807568816</Position>
<Axis>0.86602540378444337 0 -0.49999999999999195</Axis>
</ConstraintGeometry>
<ConstraintGeometry geomType="cylinder">
<InstancePath>
<Uid>ServoMotorLeftAssem-3</Uid>
<Uid>CLS5336HV_Servo_Motor-1</Uid>
</InstancePath>
<Position>0.058502757952980017 -0.0049999999999999975 -0.025000000000000001</Position>
<Axis>1 0 0</Axis>
</ConstraintGeometry>
</Concentric>
<Coincident name="Coincident29">
<ConstraintGeometry geomType="plane">
<InstancePath>
<Uid>BaseLong-1</Uid>
</InstancePath>
<Position>0 0.01 0</Position>
<Axis>0 1 0</Axis>
</ConstraintGeometry>
<ConstraintGeometry geomType="plane">
<InstancePath>
<Uid>ServoMotorLeftAssem-1</Uid>
<Uid>CLS5336HV_Servo_Motor-1</Uid>
</InstancePath>
<Position>0 -0.0099999999999999985 -0.02</Position>
<Axis>0 0 -1</Axis>
</ConstraintGeometry>
</Coincident>
<Coincident name="Coincident30">
<ConstraintGeometry geomType="plane">
<InstancePath>
<Uid>BaseLong-1</Uid>
</InstancePath>
<Position>-0.043301270189221905 0.01 0.074999999999999983</Position>
<Axis>0 0 1</Axis>
</ConstraintGeometry>
<ConstraintGeometry geomType="plane">
<InstancePath>
<Uid>ServoMotorLeftAssem-1</Uid>
<Uid>CLS5336HV_Servo_Motor-1</Uid>
</InstancePath>
<Position>-0.0091499999999999915 0.0099999999999999985 -0.02</Position>
<Axis>1 0 0</Axis>
</ConstraintGeometry>
</Coincident>
<Concentric name="Concentric13">
<ConstraintGeometry geomType="cylinder">
<InstancePath>
<Uid>BaseLong-1</Uid>
</InstancePath>
<Position>-0.033301270189221903 0.0050000000000000001 0.064999999999999988</Position>
<Axis>0 0 1</Axis>
</ConstraintGeometry>
<ConstraintGeometry geomType="cylinder">
<InstancePath>
<Uid>ServoMotorLeftAssem-1</Uid>
<Uid>CLS5336HV_Servo_Motor-1</Uid>
</InstancePath>
<Position>0.05850275795298001 0.005000000000000001 -0.025000000000000001</Position>
<Axis>1 0 0</Axis>
</ConstraintGeometry>
</Concentric>
<Coincident name="Coincident31">
<ConstraintGeometry geomType="plane">
<InstancePath>
<Uid>BaseLong-1</Uid>
</InstancePath>
<Position>0 0.01 0</Position>
<Axis>0 1 0</Axis>
</ConstraintGeometry>
<ConstraintGeometry geomType="plane">
<InstancePath>
<Uid>ServoMotorLeftAssem-2</Uid>
<Uid>CLS5336HV_Servo_Motor-1</Uid>
</InstancePath>
<Position>0 -0.010000000000000005 -0.01999999999999999</Position>
<Axis>0 0 -0.99999999999999967</Axis>
</ConstraintGeometry>
</Coincident>
<Coincident name="Coincident32">
<ConstraintGeometry geomType="plane">
<InstancePath>
<Uid>BaseLong-1</Uid>
</InstancePath>
<Position>-0.043301270189221933 0.01 -0.075000000000000011</Position>
<Axis>-0.86602540378443882 0 -0.49999999999999994</Axis>
</ConstraintGeometry>
<ConstraintGeometry geomType="plane">
<InstancePath>
<Uid>ServoMotorLeftAssem-2</Uid>
<Uid>CLS5336HV_Servo_Motor-1</Uid>
</InstancePath>
<Position>-0.0091500000000000054 0.010000000000000005 -0.01999999999999999</Position>
<Axis>1 0 0</Axis>
</ConstraintGeometry>
</Coincident>
<Concentric name="Concentric14">
<ConstraintGeometry geomType="cylinder">
<InstancePath>
<Uid>BaseLong-1</Uid>
</InstancePath>
<Position>-0.039641016151377273 0.0050000000000000001 -0.061339745962155766</Position>
<Axis>-0.86602540378443649 0 -0.50000000000000411</Axis>
</ConstraintGeometry>
<ConstraintGeometry geomType="cylinder">
<InstancePath>
<Uid>ServoMotorLeftAssem-2</Uid>
<Uid>CLS5336HV_Servo_Motor-1</Uid>
</InstancePath>
<Position>0.05850275795298001 0.005000000000000001 -0.024999999999999988</Position>
<Axis>1 0 0</Axis>
</ConstraintGeometry>
</Concentric>
<Concentric name="Concentric15">
<ConstraintGeometry geomType="cylinder">
<InstancePath>
<Uid>BaseLong-1</Uid>
</InstancePath>
<Position>0 0 0</Position>
<Axis>0 1 0</Axis>
</ConstraintGeometry>
<ConstraintGeometry geomType="cylinder">
<InstancePath>
<Uid>TopPlate-1</Uid>
</InstancePath>
<Position>0 0 0</Position>
<Axis>0 1 0</Axis>
</ConstraintGeometry>
</Concentric>
<Parallel name="Parallel3">
<ConstraintGeometry geomType="plane">
<InstancePath>
<Uid>BaseLong-1</Uid>
</InstancePath>
<Position>-0.043301270189221905 0.01 0.074999999999999983</Position>
<Axis>0 0 1</Axis>
</ConstraintGeometry>
<ConstraintGeometry geomType="plane">
<InstancePath>
<Uid>TopPlate-1</Uid>
</InstancePath>
<Position>0.086602540378443837 0.010000000000000009 0</Position>
<Axis>0.86602540378443849 0 -0.5</Axis>
</ConstraintGeometry>
</Parallel>
<Concentric name="Concentric16">
<ConstraintGeometry geomType="cylinder">
<InstancePath>
<Uid>ServoMotorRightAssem-2</Uid>
<Uid>59935K13_Ball Joint Rod End-2</Uid>
</InstancePath>
<Position>0 0.012499999999999983 -0.0030000000000000027</Position>
<Axis>-1.0277270440700635e-16 0 1</Axis>
</ConstraintGeometry>
<ConstraintGeometry geomType="cylinder">
<InstancePath>
<Uid>TopPlate-1</Uid>
</InstancePath>
<Position>0.051291651245989271 0.0050000000000000322 -0.041160254037843222</Position>
<Axis>0.86602540378444326 0 -0.49999999999999184</Axis>
</ConstraintGeometry>
</Concentric>
<Concentric name="Concentric18">
<ConstraintGeometry geomType="cylinder">
<InstancePath>
<Uid>ServoMotorLeftAssem-1</Uid>
<Uid>59935K13_Ball Joint Rod End-2</Uid>
</InstancePath>
<Position>0 0.012500000000000011 -0.0030000000000000027</Position>
<Axis>0 0 1</Axis>
</ConstraintGeometry>
<ConstraintGeometry geomType="cylinder">
<InstancePath>
<Uid>TopPlate-1</Uid>
</InstancePath>
<Position>0.061291651245989121 0.0050000000000000044 -0.023839745962154366</Position>
<Axis>0.86602540378444326 0 -0.49999999999999184</Axis>
</ConstraintGeometry>
</Concentric>
<Concentric name="Concentric19">
<ConstraintGeometry geomType="cylinder">
<InstancePath>
<Uid>ServoMotorRightAssem-4</Uid>
<Uid>59935K13_Ball Joint Rod End-2</Uid>
</InstancePath>
<Position>0 0.012500000000000011 -0.0030000000000000027</Position>
<Axis>1.1102230246251565e-16 0 1</Axis>
</ConstraintGeometry>
<ConstraintGeometry geomType="cylinder">
<InstancePath>
<Uid>TopPlate-1</Uid>
</InstancePath>
<Position>0.0099999999999992161 0.0049999999999999767 0.065000000000000002</Position>
<Axis>0 0 1</Axis>
</ConstraintGeometry>
</Concentric>
<Concentric name="Concentric20">
<ConstraintGeometry geomType="cylinder">
<InstancePath>
<Uid>ServoMotorLeftAssem-2</Uid>
<Uid>59935K13_Ball Joint Rod End-2</Uid>
</InstancePath>
<Position>0 0.012499999999999983 -0.0029999999999999888</Position>
<Axis>0 0 1</Axis>
</ConstraintGeometry>
<ConstraintGeometry geomType="cylinder">
<InstancePath>
<Uid>TopPlate-1</Uid>
</InstancePath>
<Position>-0.010000000000000781 0.0050000000000000044 0.065000000000000002</Position>
<Axis>0 0 1</Axis>
</ConstraintGeometry>
</Concentric>
<Concentric name="Concentric21">
<ConstraintGeometry geomType="cylinder">
<InstancePath>
<Uid>ServoMotorRightAssem-5</Uid>
<Uid>59935K13_Ball Joint Rod End-2</Uid>
</InstancePath>
<Position>0 0.012500000000000011 -0.0030000000000000027</Position>
<Axis>0 0 1</Axis>
</ConstraintGeometry>
<ConstraintGeometry geomType="cylinder">
<InstancePath>
<Uid>TopPlate-1</Uid>
</InstancePath>
<Position>-0.06129165124598801 0.0050000000000000044 -0.023839745962156583</Position>
<Axis>-0.86602540378443615 0 -0.50000000000000389</Axis>
</ConstraintGeometry>
</Concentric>
<Concentric name="Concentric22">
<ConstraintGeometry geomType="cylinder">
<InstancePath>
<Uid>ServoMotorLeftAssem-3</Uid>
<Uid>59935K13_Ball Joint Rod End-2</Uid>
</InstancePath>
<Position>0 0.012499999999999956 -0.0030000000000000027</Position>
<Axis>0 0 0.99999999999999989</Axis>
</ConstraintGeometry>
<ConstraintGeometry geomType="cylinder">
<InstancePath>
<Uid>TopPlate-1</Uid>
</InstancePath>
<Position>-0.051291651245987932 0.0050000000000000044 -0.041160254037845304</Position>
<Axis>-0.86602540378443615 0 -0.50000000000000389</Axis>
</ConstraintGeometry>
</Concentric>
<Concentric name="Concentric23">
<ConstraintGeometry geomType="cylinder">
<InstancePath>
<Uid>BaseLong-1</Uid>
</InstancePath>
<Position>0 0 0</Position>
<Axis>0 1 0</Axis>
</ConstraintGeometry>
<ConstraintGeometry geomType="point">
<InstancePath>
<Uid>ServoLongAssem</Uid>
</InstancePath>
<Position>0 0 0</Position>
</ConstraintGeometry>
</Concentric>
<Coincident name="Coincident36">
<ConstraintGeometry geomType="plane">
<InstancePath>
<Uid>BaseLong-1</Uid>
</InstancePath>
<Position>0 0 0</Position>
<Axis>0 -1 0</Axis>
</ConstraintGeometry>
<ConstraintGeometry geomType="plane">
<InstancePath>
<Uid>ServoLongAssem</Uid>
</InstancePath>
<Position>0 0 0</Position>
<Axis>0 1 0</Axis>
</ConstraintGeometry>
</Coincident>
<Parallel name="Parallel4">
<ConstraintGeometry geomType="plane">
<InstancePath>
<Uid>BaseLong-1</Uid>
</InstancePath>
<Position>-0.043301270189221905 0.01 0.074999999999999983</Position>
<Axis>0 0 1</Axis>
</ConstraintGeometry>
<ConstraintGeometry geomType="plane">
<InstancePath>
<Uid>ServoLongAssem</Uid>
</InstancePath>
<Position>0 0 0</Position>
<Axis>0 0 1</Axis>
</ConstraintGeometry>
</Parallel>
</Constraints>
</RootAssembly>
<Assemblies>
<Assembly name="ServoMotorLeftAssem" uid="ServoMotorLeftAssem" version="190">
<ModelUnits mass="kilogram" length="millimeter"/>
<AssemblyFile name="ServoMotorLeftAssem.SLDASM" type="SolidWorks Assembly"/>
<Constraints>
<Concentric name="Concentric1">
<ConstraintGeometry geomType="cylinder">
<InstancePath>
<Uid>CLS5336HV_Servo_Motor-1</Uid>
</InstancePath>
<Position>-0.021600000000000001 0 -0.01</Position>
<Axis>-1 0 0</Axis>
</ConstraintGeometry>
<ConstraintGeometry geomType="circle">
<InstancePath>
<Uid>DS51_Gear_Horn-1</Uid>
</InstancePath>
<Position>0 0.0080000000000000002 0</Position>
<Axis>0 1 0</Axis>
</ConstraintGeometry>
</Concentric>
<Coincident name="Coincident1">
<ConstraintGeometry geomType="plane">
<InstancePath>
<Uid>CLS5336HV_Servo_Motor-1</Uid>
</InstancePath>
<Position>-0.021600000000000001 0 -0.01</Position>
<Axis>-1 0 0</Axis>
</ConstraintGeometry>
<ConstraintGeometry geomType="plane">
<InstancePath>
<Uid>DS51_Gear_Horn-1</Uid>
</InstancePath>
<Position>0 0.0080000000000000002 0</Position>
<Axis>0 1 0</Axis>
</ConstraintGeometry>
</Coincident>
<Concentric name="Concentric2">
<ConstraintGeometry geomType="cylinder">
<InstancePath>
<Uid>DS51_Gear_Horn-1</Uid>
</InstancePath>
<Position>0.039500000000000021 0 0</Position>
<Axis>0 1 0</Axis>
</ConstraintGeometry>
<ConstraintGeometry geomType="cylinder">
<InstancePath>
<Uid>59935K13_Ball Joint Rod End-1</Uid>
</InstancePath>
<Position>0 0.012500000000000001 -0.0030000000000000027</Position>
<Axis>0 0 0.99999999999999989</Axis>
</ConstraintGeometry>
</Concentric>
<Coincident name="Coincident2">
<ConstraintGeometry geomType="plane">
<InstancePath>
<Uid>DS51_Gear_Horn-1</Uid>
</InstancePath>
<Position>0 0.0010000000000000009 0</Position>
<Axis>0 -1 0</Axis>
</ConstraintGeometry>
<ConstraintGeometry geomType="plane">
<InstancePath>
<Uid>59935K13_Ball Joint Rod End-1</Uid>
</InstancePath>
<Position>-0.0054999999999999945 0.018000000000000002 -0.0024500000000000008</Position>
<Axis>0 1.0423250254776701e-16 -0.99999999999999989</Axis>
</ConstraintGeometry>
</Coincident>
<Coincident name="Coincident6">
<ConstraintGeometry geomType="plane">
<InstancePath>
<Uid>59935K13_Ball Joint Rod End-1</Uid>
</InstancePath>
<Position>0.0015000000000000083 0 0</Position>
<Axis>-2.7755575615628914e-16 -1.0000000000000002 0</Axis>
</ConstraintGeometry>
<ConstraintGeometry geomType="plane">
<InstancePath>
<Uid>90024A218_18-8 Stainless Steel Threaded Rod-2</Uid>
</InstancePath>
<Position>0 0 -0.15000000000000005</Position>
<Axis>0 0 -1.0000000000000002</Axis>
</ConstraintGeometry>
</Coincident>
<Concentric name="Concentric4">
<ConstraintGeometry geomType="circle">
<InstancePath>
<Uid>59935K13_Ball Joint Rod End-1</Uid>
</InstancePath>
<Position>0 -0.010000000000000004 0</Position>
<Axis>-3.3861802251067274e-15 -1.0000000000000002 0</Axis>
</ConstraintGeometry>
<ConstraintGeometry geomType="circle">
<InstancePath>
<Uid>90024A218_18-8 Stainless Steel Threaded Rod-2</Uid>
</InstancePath>
<Position>0 0 -0.15000000000000005</Position>
<Axis>0 0 -1.0000000000000002</Axis>
</ConstraintGeometry>
</Concentric>
<Coincident name="Coincident8">
<ConstraintGeometry geomType="plane">
<InstancePath>
<Uid>90024A218_18-8 Stainless Steel Threaded Rod-2</Uid>
</InstancePath>
<Position>0 0 0</Position>
<Axis>0 0 1.0000000000000002</Axis>
</ConstraintGeometry>
<ConstraintGeometry geomType="plane">
<InstancePath>
<Uid>59935K13_Ball Joint Rod End-2</Uid>
</InstancePath>
<Position>0.0015000000000000083 0 0</Position>
<Axis>-2.7755575615628914e-16 -1 0</Axis>
</ConstraintGeometry>
</Coincident>
<Concentric name="Concentric6">
<ConstraintGeometry geomType="cylinder">
<InstancePath>
<Uid>59935K13_Ball Joint Rod End-1</Uid>
</InstancePath>
<Position>0 0.018000000000000002 0</Position>
<Axis>0 1.0000000000000002 0</Axis>
</ConstraintGeometry>
<ConstraintGeometry geomType="cylinder">
<InstancePath>
<Uid>59935K13_Ball Joint Rod End-2</Uid>
</InstancePath>
<Position>0 0.018000000000000016 0</Position>
<Axis>0 1 0</Axis>
</ConstraintGeometry>
</Concentric>
</Constraints>
</Assembly>
<Assembly name="ServoMotorRightAssem" uid="ServoMotorRightAssem" version="185">
<ModelUnits mass="kilogram" length="millimeter"/>
<AssemblyFile name="ServoMotorRightAssem.SLDASM" type="SolidWorks Assembly"/>
<Constraints>
<Concentric name="Concentric1">
<ConstraintGeometry geomType="cylinder">
<InstancePath>
<Uid>CLS5336HV_Servo_Motor-1</Uid>
</InstancePath>
<Position>-0.021600000000000001 0 -0.01</Position>
<Axis>-1 0 0</Axis>
</ConstraintGeometry>
<ConstraintGeometry geomType="circle">
<InstancePath>
<Uid>DS51_Gear_Horn-1</Uid>
</InstancePath>
<Position>0 0.0080000000000000002 0</Position>
<Axis>0 1 0</Axis>
</ConstraintGeometry>
</Concentric>
<Coincident name="Coincident1">
<ConstraintGeometry geomType="plane">
<InstancePath>
<Uid>CLS5336HV_Servo_Motor-1</Uid>
</InstancePath>
<Position>-0.021600000000000001 0 -0.01</Position>
<Axis>-1 0 0</Axis>
</ConstraintGeometry>
<ConstraintGeometry geomType="plane">
<InstancePath>
<Uid>DS51_Gear_Horn-1</Uid>
</InstancePath>
<Position>0 0.0080000000000000002 0</Position>
<Axis>0 1 0</Axis>
</ConstraintGeometry>
</Coincident>
<Concentric name="Concentric2">
<ConstraintGeometry geomType="cylinder">
<InstancePath>
<Uid>DS51_Gear_Horn-1</Uid>
</InstancePath>
<Position>0.039500000000000014 0 0</Position>
<Axis>0 1 0</Axis>
</ConstraintGeometry>
<ConstraintGeometry geomType="cylinder">
<InstancePath>
<Uid>59935K13_Ball Joint Rod End-1</Uid>
</InstancePath>
<Position>0 0.012500000000000002 -0.0030000000000000027</Position>
<Axis>0 0 1</Axis>
</ConstraintGeometry>
</Concentric>
<Coincident name="Coincident2">
<ConstraintGeometry geomType="plane">
<InstancePath>
<Uid>DS51_Gear_Horn-1</Uid>
</InstancePath>
<Position>0 0.0010000000000000009 0</Position>
<Axis>0 -1 0</Axis>
</ConstraintGeometry>
<ConstraintGeometry geomType="plane">
<InstancePath>
<Uid>59935K13_Ball Joint Rod End-1</Uid>
</InstancePath>
<Position>-0.0055000000000000049 0.018000000000000002 -0.0024500000000000008</Position>
<Axis>0 1.0423250254776698e-16 -1</Axis>
</ConstraintGeometry>
</Coincident>
<Coincident name="Coincident6">
<ConstraintGeometry geomType="plane">
<InstancePath>
<Uid>59935K13_Ball Joint Rod End-1</Uid>
</InstancePath>
<Position>0.0015000000000000083 0 0</Position>
<Axis>-2.7755575615628914e-16 -1.0000000000000002 0</Axis>
</ConstraintGeometry>
<ConstraintGeometry geomType="plane">
<InstancePath>
<Uid>90024A218_18-8 Stainless Steel Threaded Rod-2</Uid>
</InstancePath>
<Position>0 0 -0.15000000000000005</Position>
<Axis>0 0 -1.0000000000000002</Axis>
</ConstraintGeometry>
</Coincident>
<Concentric name="Concentric4">
<ConstraintGeometry geomType="circle">
<InstancePath>
<Uid>59935K13_Ball Joint Rod End-1</Uid>
</InstancePath>
<Position>0 -0.010000000000000004 0</Position>
<Axis>-3.3306690738754696e-15 -1.0000000000000002 0</Axis>
</ConstraintGeometry>
<ConstraintGeometry geomType="circle">
<InstancePath>
<Uid>90024A218_18-8 Stainless Steel Threaded Rod-2</Uid>
</InstancePath>
<Position>0 0 -0.15000000000000005</Position>
<Axis>0 0 -1.0000000000000002</Axis>
</ConstraintGeometry>
</Concentric>
<Coincident name="Coincident8">
<ConstraintGeometry geomType="plane">
<InstancePath>
<Uid>90024A218_18-8 Stainless Steel Threaded Rod-2</Uid>
</InstancePath>
<Position>0 0 0</Position>
<Axis>0 0 1.0000000000000002</Axis>
</ConstraintGeometry>
<ConstraintGeometry geomType="plane">
<InstancePath>
<Uid>59935K13_Ball Joint Rod End-2</Uid>
</InstancePath>
<Position>0.0015000000000000083 0 0</Position>
<Axis>-3.3306690738754696e-16 -1 0</Axis>
</ConstraintGeometry>
</Coincident>
<Concentric name="Concentric6">
<ConstraintGeometry geomType="cylinder">
<InstancePath>
<Uid>59935K13_Ball Joint Rod End-1</Uid>
</InstancePath>
<Position>0 0.018000000000000002 0</Position>
<Axis>0 1.0000000000000002 0</Axis>
</ConstraintGeometry>
<ConstraintGeometry geomType="cylinder">
<InstancePath>
<Uid>59935K13_Ball Joint Rod End-2</Uid>
</InstancePath>
<Position>0 0.017999999999999988 0</Position>
<Axis>1.1102230246251565e-16 1 0</Axis>
</ConstraintGeometry>
</Concentric>
</Constraints>
</Assembly>
</Assemblies>
<Parts>
<Part name="59935K13_Ball Joint Rod End" uid="59935K13_Ball Joint Rod End*:*59935K13" version="357">
<ModelUnits mass="kilogram" length="millimeter"/>
<PartFile name="59935K13_Ball Joint Rod End.SLDPRT" type="SolidWorks Part"/>
<MassProperties>
<Mass>0.00076354193457973864</Mass>
<CenterOfMass>1.2229207728376425e-07 0.0049618708794694202 7.7177573519988071e-09</CenterOfMass>
<Inertia>4.8488412238248282e-08 5.2125379363137724e-09 5.068073048259441e-08 2.9625673083126099e-13 -1.7427851663896297e-13 7.707241384503309e-13</Inertia>
</MassProperties>
